129
3.82598
3.37642
7.50000
8.85833
3.39298
3.73793
8.28601
6.31350
7.15068
3.25492
3.35119
6.92136
2.59119
5.24546
4.99203
2.25765
5.77411
2.79938
2.77659
1.41164
6.71504
2.07879
2.85985
1.29917
4.57058
2.76073
8.35535
7.68312
6.11857
4.34584
7.34151
6.80032
8.57217
5.41985
3.71205
4.58876
4.26509
6.59152
2.00659
8.00049
4.98220
8.67000
7.98622
7.84441
6.35928
6.24343
1.50779
2.55055
2.47169
8.18558
3.68685
1.18635
6.72814
5.68578
7.00609
7.23513
8.91691
4.74727
4.82452
1.02181
1.49318
3.39655
8.11320
3.82018
1.44150
4.78363
1.97019
1.98501
2.43477
8.25998
7.59016
1.17489
5.09384
7.63648
6.13632
7.07269
8.47052
6.18160
6.68066
1.10333
6.98005
6.27425
6.63178
8.70841
6.76808
8.16137
1.07946
4.05224
7.69596
5.91703
4.12141
1.94494
2.15405
2.07652
1.97718
4.07951
2.16501
7.07882
1.71190
5.76137
8.43742
2.66076
8.55656
1.07871
3.69238
5.71667
1.96969
4.57692
3.82844
7.07240
7.15116
7.70140
2.88585
5.39521
2.82549
2.03666
8.84599
8.67528
3.12880
4.04515
7.81689
2.45978
5.15021
2.81560
1.85311
2.99093
4.88050
5.83260
5.99868
